Au 0.000000 0.750000 0.500000
Au 0.000000 0.750000 1.000000
Au 0.250000 0.000000 0.750000
Au 0.250000 0.500000 0.500000
Au 0.250000 0.500000 1.000000
Au 0.250000 1.000000 0.000000
Au 0.750000 0.250000 0.000000
Au 0.750000 0.250000 1.000000
Au 0.750000 0.500000 0.250000
Au 0.750000 0.750000 0.250000
Au 0.750000 1.000000 0.250000
Au 0.750000 1.000000 0.750000
Au 1.000000 0.000000 0.000000
Au 1.000000 0.750000 0.000000
Au 0.125000 0.125000 1.000000
Au 0.125000 0.375000 1.000000
Au 0.125000 0.875000 0.000000
Au 0.125000 0.875000 0.250000
Au 0.375000 0.375000 0.000000
Au 0.375000 0.375000 0.750000
Au 0.375000 0.875000 0.750000
Au 0.625000 0.125000 0.250000
Au 0.625000 0.125000 0.500000
Au 0.625000 0.875000 0.250000
Au 0.875000 0.875000 0.250000
Au 0.000000 0.125000 0.625000
Au 0.000000 0.375000 0.125000
Au 0.000000 0.375000 0.375000
Au 0.000000 0.375000 0.875000
Au 0.000000 0.625000 0.625000
Au 0.000000 0.875000 0.125000
Au 0.000000 0.875000 0.875000
Au 0.125000 0.500000 0.375000
Au 0.125000 0.500000 0.625000
Au 0.125000 0.750000 0.625000
Au 0.250000 0.625000 0.125000
Au 0.375000 0.500000 0.875000
Au 0.375000 0.750000 0.625000
Au 0.500000 0.125000 0.125000
Au 0.500000 0.375000 0.625000
Au 0.500000 0.625000 0.875000
Au 0.500000 0.875000 0.375000
Au 0.625000 0.250000 0.125000
Au 0.625000 0.750000 0.875000
Au 0.625000 1.000000 0.125000
Au 0.750000 0.875000 0.625000
Au 0.875000 0.250000 0.625000
Au 0.875000 1.000000 0.625000
Au 1.000000 0.375000 0.875000
Au 1.000000 0.625000 0.875000
Au 1.000000 0.875000 0.125000
Au 0.000000 0.250000 0.500000
Au 0.000000 0.250000 0.750000
Au 0.000000 0.750000 0.000000
Au 0.000000 1.000000 0.000000
Au 0.000000 1.000000 0.250000
Au 0.000000 1.000000 0.500000
Au 0.250000 0.000000 0.500000
Au 0.250000 0.250000 0.000000
Au 0.250000 0.250000 0.500000
Au 0.250000 0.500000 0.250000
Au 0.250000 0.750000 0.000000
Au 0.500000 0.250000 1.000000
Au 0.500000 0.750000 0.500000
Au 0.500000 0.750000 0.750000
Au 0.750000 0.000000 0.500000
Au 0.750000 0.500000 0.500000
Au 0.750000 0.750000 0.500000
Au 0.750000 1.000000 0.500000
Au 1.000000 0.000000 1.000000
Au 1.000000 0.250000 1.000000
Au 1.000000 0.500000 0.500000
Au 1.000000 0.500000 0.750000
Au 1.000000 0.500000 1.000000
Au 1.000000 1.000000 0.250000
Au 0.125000 0.125000 0.250000
Au 0.125000 0.125000 0.500000
Au 0.125000 0.125000 0.750000
Au 0.125000 0.375000 0.250000
Au 0.125000 0.625000 0.750000
Au 0.125000 0.625000 1.000000
Au 0.375000 0.125000 1.000000
Au 0.375000 0.875000 0.250000
Au 0.625000 0.375000 0.250000
Au 0.625000 0.375000 1.000000
Au 0.625000 0.625000 0.500000
Au 0.625000 0.875000 0.000000
Au 0.875000 0.125000 1.000000
Au 0.000000 0.625000 0.875000
Au 0.125000 0.000000 0.125000
Au 0.125000 0.000000 0.375000
Au 0.125000 0.250000 0.875000
Au 0.125000 0.750000 0.125000
Au 0.250000 0.375000 0.125000
Au 0.250000 0.375000 0.375000
Au 0.250000 0.375000 0.625000
Au 0.375000 0.000000 0.375000
Au 0.375000 0.250000 0.375000
Au 0.375000 0.500000 0.625000
Au 0.375000 1.000000 0.625000
Au 0.500000 0.125000 0.375000
Au 0.500000 0.625000 0.625000
Au 0.500000 0.875000 0.625000
Au 0.625000 1.000000 0.375000
Au 0.750000 0.125000 0.625000
Au 0.875000 0.000000 0.125000
Au 0.875000 0.250000 0.875000
Au 0.875000 0.500000 0.125000
Au 0.875000 0.500000 0.875000
Au 0.875000 1.000000 0.375000
Cu 0.000000 0.000000 0.000000
Cu 0.000000 1.000000 0.750000
Cu 0.250000 0.250000 0.250000
Cu 0.250000 0.250000 0.750000
Cu 0.250000 0.500000 0.750000
Cu 0.250000 0.750000 0.750000
Cu 0.500000 0.000000 0.500000
Cu 0.500000 0.000000 1.000000
Cu 0.500000 0.250000 0.500000
Cu 0.500000 0.500000 1.000000
Cu 0.500000 0.750000 0.250000
Cu 0.750000 0.000000 0.000000
Cu 0.750000 0.000000 0.750000
Cu 0.750000 0.000000 1.000000
Cu 0.750000 0.250000 0.500000
Cu 0.750000 0.500000 0.750000
Cu 0.750000 0.750000 0.750000
Cu 0.750000 0.750000 1.000000
Cu 0.750000 1.000000 1.000000
Cu 1.000000 0.000000 0.500000
Cu 1.000000 0.000000 0.750000
Cu 1.000000 0.250000 0.250000
Cu 1.000000 0.250000 0.500000
Cu 1.000000 0.250000 0.750000
Cu 1.000000 1.000000 0.500000
Cu 0.125000 0.875000 0.750000
Cu 0.375000 0.625000 0.000000
Cu 0.375000 0.625000 0.500000
Cu 0.625000 0.125000 0.750000
Cu 0.625000 0.125000 1.000000
Cu 0.625000 0.625000 0.000000
Cu 0.625000 0.625000 0.250000
Cu 0.625000 0.875000 0.500000
Cu 0.875000 0.125000 0.000000
Cu 0.875000 0.625000 0.250000
Cu 0.000000 0.625000 0.125000
Cu 0.125000 0.250000 0.375000
Cu 0.125000 0.500000 0.125000
Cu 0.125000 0.750000 0.375000
Cu 0.125000 1.000000 0.125000
Cu 0.125000 1.000000 0.375000
Cu 0.125000 1.000000 0.875000
Cu 0.250000 0.125000 0.125000
Cu 0.250000 0.875000 0.875000
Cu 0.375000 0.000000 0.625000
Cu 0.375000 0.000000 0.875000
Cu 0.375000 0.250000 0.125000
Cu 0.375000 1.000000 0.125000
Cu 0.500000 0.875000 0.125000
Cu 0.625000 0.000000 0.375000
Cu 0.625000 0.000000 0.625000
Cu 0.625000 0.250000 0.625000
Cu 0.625000 0.750000 0.375000
Cu 0.750000 0.125000 0.125000
Cu 0.750000 0.125000 0.875000
Cu 0.750000 0.375000 0.125000
Cu 0.750000 0.625000 0.375000
Cu 0.875000 0.000000 0.375000
Cu 0.875000 0.000000 0.625000
Cu 0.875000 1.000000 0.125000
Cu 1.000000 0.625000 0.375000
Cu 1.000000 0.875000 0.375000
Ni 0.000000 0.000000 0.500000
Ni 0.000000 0.000000 0.750000
Ni 0.000000 0.000000 1.000000
Ni 0.000000 0.500000 0.250000
Ni 0.000000 0.500000 0.500000
Ni 0.000000 0.500000 0.750000
Ni 0.250000 0.000000 0.000000
Ni 0.250000 0.500000 0.000000
Ni 0.250000 0.750000 1.000000
Ni 0.250000 1.000000 0.250000
Ni 0.250000 1.000000 0.500000
Ni 0.500000 0.250000 0.000000
Ni 0.500000 0.250000 0.250000
Ni 0.500000 0.500000 0.500000
Ni 0.500000 0.500000 0.750000
Ni 0.500000 0.750000 0.000000
Ni 0.500000 1.000000 0.000000
Ni 1.000000 1.000000 0.000000
Ni 1.000000 1.000000 0.750000
Ni 0.125000 0.125000 0.000000
Ni 0.125000 0.375000 0.000000
Ni 0.125000 0.375000 0.750000
Ni 0.125000 0.625000 0.500000
Ni 0.375000 0.375000 0.250000
Ni 0.375000 0.375000 0.500000
Ni 0.375000 0.375000 1.000000
Ni 0.375000 0.625000 1.000000
Ni 0.375000 0.875000 0.000000
Ni 0.625000 0.375000 0.500000
Ni 0.625000 0.375000 0.750000
Ni 0.625000 0.625000 1.000000
Ni 0.625000 0.875000 0.750000
Ni 0.625000 0.875000 1.000000
Ni 0.875000 0.125000 0.250000
Ni 0.875000 0.125000 0.500000
Ni 0.875000 0.125000 0.750000
Ni 0.875000 0.625000 1.000000
Ni 0.875000 0.875000 0.000000
Ni 0.000000 0.125000 0.125000
Ni 0.000000 0.875000 0.625000
Ni 0.125000 0.500000 0.875000
Ni 0.250000 0.125000 0.375000
Ni 0.250000 0.125000 0.625000
Ni 0.250000 0.125000 0.875000
Ni 0.250000 0.375000 0.875000
Ni 0.250000 0.625000 0.625000
Ni 0.250000 0.875000 0.375000
Ni 0.375000 0.500000 0.125000
Ni 0.500000 0.375000 0.125000
Ni 0.500000 0.375000 0.375000
Ni 0.500000 0.375000 0.875000
Ni 0.500000 0.625000 0.125000
Ni 0.625000 0.000000 0.125000
Ni 0.625000 0.250000 0.875000
Ni 0.625000 0.500000 0.375000
Ni 0.625000 0.750000 0.625000
Ni 0.625000 1.000000 0.625000
Ni 0.750000 0.375000 0.875000
Ni 0.750000 0.625000 0.625000
Ni 0.875000 0.750000 0.875000
Ni 0.875000 1.000000 0.875000
Ni 1.000000 0.125000 0.625000
Ni 1.000000 0.125000 0.875000
Ni 1.000000 0.375000 0.625000
Ni 1.000000 0.625000 0.625000
Ni 1.000000 0.875000 0.625000
Fe 0.000000 0.250000 0.000000
Fe 0.000000 0.250000 0.250000
Fe 0.000000 0.250000 1.000000
Fe 0.000000 0.500000 1.000000
Fe 0.000000 0.750000 0.250000
Fe 0.000000 0.750000 0.750000
Fe 0.250000 0.000000 0.250000
Fe 0.250000 0.000000 1.000000
Fe 0.250000 0.750000 0.500000
Fe 0.250000 1.000000 0.750000
Fe 0.250000 1.000000 1.000000
Fe 0.500000 0.250000 0.750000
Fe 0.500000 0.500000 0.000000
Fe 0.500000 1.000000 0.750000
Fe 0.500000 1.000000 1.000000
Fe 0.750000 0.750000 0.000000
Fe 1.000000 0.000000 0.250000
Fe 1.000000 0.500000 0.000000
Fe 1.000000 0.750000 0.500000
Fe 1.000000 0.750000 0.750000
Fe 1.000000 0.750000 1.000000
Fe 1.000000 1.000000 1.000000
Fe 0.125000 0.875000 0.500000
Fe 0.125000 0.875000 1.000000
Fe 0.375000 0.125000 0.000000
Fe 0.375000 0.625000 0.250000
Fe 0.375000 0.625000 0.750000
Fe 0.375000 0.875000 0.500000
Fe 0.375000 0.875000 1.000000
Fe 0.875000 0.375000 0.000000
Fe 0.875000 0.375000 0.750000
Fe 0.875000 0.375000 1.000000
Fe 0.875000 0.625000 0.500000
Fe 0.000000 0.125000 0.875000
Fe 0.125000 0.250000 0.625000
Fe 0.125000 0.750000 0.875000
Fe 0.250000 0.625000 0.875000
Fe 0.250000 0.875000 0.125000
Fe 0.250000 0.875000 0.625000
Fe 0.375000 0.000000 0.125000
Fe 0.375000 0.500000 0.375000
Fe 0.375000 0.750000 0.375000
Fe 0.500000 0.125000 0.875000
Fe 0.500000 0.625000 0.375000
Fe 0.500000 0.875000 0.875000
Fe 0.625000 0.500000 0.125000
Fe 0.625000 0.500000 0.625000
Fe 0.750000 0.125000 0.375000
Fe 0.750000 0.375000 0.375000
Fe 0.750000 0.375000 0.625000
Fe 0.750000 0.625000 0.875000
Fe 0.875000 0.000000 0.875000
Fe 0.875000 0.500000 0.625000
Fe 0.875000 0.750000 0.125000
Fe 0.875000 0.750000 0.375000
Fe 0.875000 0.750000 0.625000
Fe 1.000000 0.625000 0.125000
Fe 1.000000 0.875000 0.875000
